292.553 47.0494
311.872 58.0642
329.862 68.3618
346.849 78.0293
362.662 87.1597
377.878 95.8211
392.604 104.482
406.148 112.349
419.48 120.006
274.094 73.3175
293.564 83.1558
311.765 92.3831
328.889 100.962
344.764 108.853
360.339 117.035
375.298 124.914
390.119 132.821
402.179 139.156
254.171 96.4794
274.309 105.698
293.219 114.578
310.869 122.617
327.955 130.786
343.882 138.426
359.473 145.595
373.71 152.362
388.737 159.375
234.661 118.736
255.424 127.57
274.678 135.694
292.787 143.232
310.076 150.26
325.912 156.411
341.538 162.973
360.108 170.056
365.969 172.359
215.336 139.488
236.12 147.193
255.643 154.378
274.229 161.296
291.557 167.84
308.107 173.8
325.416 180.678
338.32 185.11
353.818 190.936
197.509 161.354
218.471 167.972
238.527 174.845
257.562 181.459
274.892 186.381
292.49 192.697
308.528 197.674
324.478 202.809
334.185 206.317
217.926 64.8764
235.26 79.6645
251.902 94.1915
268.456 108.343
284.541 122.183
300.361 135.593
315.913 148.825
331.206 161.83
346.28 174.572
204.415 82.2778
221.704 96.7939
238.609 111.162
255.308 125.179
271.459 138.695
287.403 152.117
303.17 165.241
318.663 178.184
333.839 190.625
190.466 99.5404
207.923 113.942
225.164 128.094
241.901 141.85
258.516 155.468
274.62 168.588
290.531 181.62
305.995 194.342
321.252 206.693
176.496 116.702
194.228 131.074
211.47 144.899
228.485 158.549
245.085 171.757
261.29 184.691
277.188 197.523
292.662 209.885
307.845 222.08
162.513 133.729
180.35 147.71
197.644 161.401
214.805 174.748
231.528 187.928
247.847 200.714
264.035 213.482
279.599 225.632
294.98 237.74
148.583 151.043
166.549 164.682
184.226 178.285
201.475 191.594
218.247 204.388
234.678 217.152
250.828 229.463
266.637 241.597
282.231 253.521
464.213 67.8654
476.584 86.9856
488.892 105.63
501.22 124.18
513.198 142.385
525.04 160.416
536.734 178.342
548.429 195.86
559.906 213.413
444.512 81.32
456.824 99.9583
469.269 118.299
481.369 136.445
493.425 154.168
505.204 171.836
516.88 189.559
528.642 207.242
540.099 224.385
425.439 93.5637
437.726 111.955
450.017 130.162
462.196 148.025
474.128 165.936
485.9 183.491
497.597 200.796
509.29 217.774
520.695 234.622
406.877 105.501
419.27 123.636
431.378 141.539
443.543 159.226
455.448 176.469
467.334 193.381
478.867 210.426
490.478 226.861
501.897 243.212
389.248 116.707
401.523 134.435
413.576 151.838
425.652 169.279
437.519 186.364
449.288 203.139
460.737 220.132
472.356 236.257
483.639 252.536
371.648 128.323
383.848 145.565
395.935 162.777
407.896 180.106
419.79 196.47
431.438 213.285
442.983 229.465
454.479 245.646
465.725 261.657
252.586 255.888
274.322 241.236
295.075 227.034
315.266 213.365
334.648 200.101
353.695 187.383
372.388 174.794
390.306 162.836
408.1 151.153
264.79 279.581
285.758 264.696
306.009 250.353
325.539 236.423
344.287 222.886
362.826 209.978
381.291 197.437
399.438 185.108
416.649 173.386
274.858 302.368
295.519 287.394
315.614 272.809
335.01 258.691
354.354 245.18
372.702 232.143
390.6 219.297
407.732 206.915
424.513 194.697
284.455 324.272
304.986 309.195
324.676 294.559
343.687 280.303
361.95 266.532
379.455 253.1
396.806 240.469
413.389 227.613
429.399 215.524
292.915 345.203
312.63 329.835
331.874 315.107
350.54 300.8
368.709 286.99
386.256 273.533
403.837 260.595
419.911 248.067
435.971 235.624
302.623 366.083
321.743 350.624
340.832 335.73
359.581 321.43
376.554 307.257
394.124 293.815
410.517 280.629
426.727 267.831
442.579 255.578
227.596 236.34
252.369 227.293
276.062 218.531
299.134 210.004
321.365 201.848
343.04 194.044
364.265 186.379
384.549 179.031
404.589 171.79
235.319 262.44
259.423 253.009
282.676 243.916
305.357 235.062
326.801 226.534
348.256 218.386
369.155 210.53
389.761 202.872
409.582 195.469
241.09 287.6
265.062 277.959
288.322 268.599
310.687 259.528
332.881 250.737
354.183 242.409
374.688 234.247
394.561 226.285
413.821 218.415
246.772 311.99
270.529 302.159
293.445 292.568
315.656 283.044
336.799 274.188
357.316 265.173
377.492 256.826
396.734 248.43
415.417 240.447
251.561 335.417
274.763 325.122
297.195 315.316
319.016 305.627
340.285 296.433
360.679 287.486
381.198 278.868
399.94 270.457
418.76 262.209
257.482 359.01
280.131 348.445
302.536 338.337
324.45 328.559
344.56 318.749
365.146 309.771
384.403 300.735
403.522 292.021
422.039 283.733
415.309 56.1899
436.933 67.4822
458.191 78.5834
479.127 89.4992
499.533 100.206
519.767 110.656
539.737 121.235
559.448 131.459
578.876 141.598
402.425 79.2769
423.75 90.1617
444.845 100.757
465.494 111.373
485.7 121.461
505.779 131.709
525.704 141.905
545.434 152.265
564.77 161.903
389.416 100.749
410.599 111.403
431.535 121.949
452.147 132.221
472.556 142.581
492.566 152.545
512.271 162.482
531.561 172.01
550.57 181.413
376.68 121.418
397.799 131.928
418.51 142.226
438.96 152.106
458.969 161.69
478.634 171.108
498.111 180.654
517.205 189.68
535.847 198.56
364.441 140.977
385.269 150.913
405.659 160.652
425.942 170.433
445.867 179.901
465.374 189.252
484.763 198.736
503.576 207.442
522.29 216.407
352.707 160.698
373.266 170.354
393.612 179.93
413.698 189.608
433.317 198.317
452.663 207.641
471.663 216.357
490.533 225.067
509 233.66
308.205 287.738
330.346 290.624
351.751 293.698
373.328 296.564
394.265 299.378
414.812 301.962
435.319 304.442
455.325 307.067
475.055 309.347
310.423 306.492
332.796 309.516
354.749 312.441
376.515 315.355
397.55 318.428
418.572 320.745
439.457 323.25
460.363 325.317
480.319 327.423
311.695 327.566
334.634 330.289
357.357 332.666
379.535 335.442
401.654 337.534
423.162 339.644
444.401 342.214
465.002 344.488
485.44 346.719
312.805 349.554
336.501 351.916
359.572 354.257
382.306 356.693
404.433 359.104
425.915 361.573
447.472 363.666
468.296 366.277
488.608 368.541
313.678 373.324
337.535 375.441
361.074 377.588
384.246 379.683
406.822 381.737
429.132 383.891
451.417 385.621
472.408 388.01
493.52 390.086
315.459 396.729
339.65 398.875
363.783 400.569
387.728 402.37
410.373 404.742
433.253 406.495
455.29 408.536
477.171 410.477
498.515 412.313
490.556 46.6388
503.81 67.8263
517.084 88.6952
530.268 109.458
543.222 129.808
556.065 149.901
568.875 169.913
581.57 189.652
594.402 209.239
468.774 61.9466
482.223 82.8191
495.423 103.494
508.485 123.89
521.408 143.942
534.331 163.771
547.245 183.601
560.197 203.294
572.861 222.562
447.229 76.6568
460.583 97.3658
473.799 117.727
487.028 137.965
500.225 157.982
513.232 177.632
526.123 197.288
538.802 216.525
551.48 235.536
426.187 91.1393
439.502 111.548
452.719 131.619
465.967 151.572
479.02 171.192
491.938 190.398
504.764 209.636
517.489 228.428
530.102 246.964
405.56 105.024
418.955 124.965
432.194 144.674
445.426 164.411
458.409 183.71
471.329 202.763
484.216 221.974
496.787 240.516
509.418 259.052
385.39 118.928
398.689 138.582
412.025 158.246
425.216 177.698
438.247 196.527
451.101 215.558
463.892 234.188
476.543 252.586
489.146 270.856
